65
135
107
106
435
130
171
363
239
61
311
147
473
173
61
366
49
128
5
299
217
66
125
447
183
52
311
139
429
471
94
494
105
448
346
287
78
17
396
317
78
206
210
297
379
272
162
428
146
414
474
363
226
345
309
409
397
367
294
71
83
135
312
435
82
157
221
407
174
117
471
253
69
180
49
449
198
459
122
344
118
95
453
91
440
8
500
83
375
40
401
204
422
212
138
3
116
360
157
36
223
127
289
292
307
85
487
252
290
109
342
154
451
295
245
137
303
492
467
424
31
367
127
199
326
265
202
188
371
359
224
340
232
260
379
286
91
111
37
381
467
379
34
418
420
280
301
222
271
267
392
48
380
265
247
452
277
195
139
147
301
110
234
32
370
112
318
461
470
101
341
437
227
121
354
146
401
401
115
418
167
6
466
46
18
459
245
295
154
384
188
201
494
422
233
109
280
298
69
250
145
156
186
372
278
286
265
425
186
380
343
99
132
54
392
150
13
136
191
414
20
380
114
260
47
93
370
328
137
185
324
29
342
256
401
119
41
412
290
474
291
132
72
170
434
464
320
193
100
258
106
367
137
467
373
184
306
242
258
444
428
81
473
15
83
119
381
124
31
170
344
68
303
162
238
483
126
305
175
473
62
27
85
446
494
204
376
45
193
134
489
120
462
207
382
45
73
262
416
351
432
260
165
481
168
404
463
294
455
137
12
263
411
344
208
404
48
83
450
241
464
184
107
426
138
489
217
458
250
132
308
428
138
473
409
307
122
117
347
323
255
106
85
165
196
39
316
244
370
11
485
333
442
338
4
79
72
468
283
322
100
90
497
485
310
405
37
178
21
131
1
22
484
333
435
179
373
497
424
489
7
154
67
195
239
72
21
311
39
304
380
386
141
376
117
197
26
401
375
47
278
122
317
261
456
498
441
74
494
110
62
247
10
129
442
496
448
209
307
234
13
186
119
401
61
483
97
334
384
218
381
408
341
444
169
296
441
356
116
434
212
178
427
469
53
369
465
1
77
271
235
337
203
100
237
10
330
334
344
460
52
471
367
139
415
35
181
355
137
297
35
95
221
462
64
274
330
28
21
154
45
256
491
248
103
475
258
433
54
348
392
106
318
4
492
232
40
172
87
424
469
369
19
189
330
83
210
407
358
231
60
403
234
297
397
83
17
401
262
72
248
400
425
65
404
417
44
190
88
378
114
304
246
133
239
75
463
195
228
66
427
34
215
407
332
111
236
95
258
498
167
5
397
92
317
300
255
107
491
89
485
351
393
477
484
379
299
192
73
26
258
246
61
473
399
139
330
134
234
87
131
402
339
274
240
402
74
241
9
311
330
240
161
470
217
391
94
15
82
167
41
86
160
349
305
58
488
134
440
222
468
317
370
306
91
356
454
165
96
209
222
426
450
383
141
413
273
235
174
101
149
462
434
309
311
238
113
298
118
299
266
85
116
135
137
207
237
337
118
333
46
340
5
242
222
146
401
241
128
74
88
277
35
21
332
92
5
445
391
123
244
156
455
106
38
91
313
275
174
431
355
220
16
360
208
485
252
108
472
380
429
59
403
211
327
234
303
332
179
440
201
169
343
155
275
127
493
334
402
166
10
2
387
26
362
341
10
361
450
482
487
378
287
390
335
113
123
138
191
48
324
392
464
166
46
485
293
38
318
442
204
328
444
337
100
52
178
357
159
374
84
145
251
371
281
333
230
151
217
421
446
40
312
410
207
104
394
246
389
459
434
93
32
378
176
133
176
354
490
335
227
321
480
225
191
7
57
168
158
20
88
103
60
147
259
13
498
400
6
387
358
440
226
136
317
402
269
493
256
5
73
229
326
300
200
263
307
257
431
465
23
266
314
84
159
73
97
156
473
103
289
76
290
14
212
106
417
482
346
419
233
165
147
305
465
348
314
271
351
492
482
375
3
296
459
162
115
302
64
87
152
354
163
442
368
375
294
284
102
386
202
81
51
96
386
15
444
447
33
40
438
14
415
441
56
119
349
418
168
413
4
66
266
414
7
134
35
47
164
384
434
113
466
485
209
97
246
152
43
279
192
227
40
354
167
343
219
15
261
387
175
11
453
441
172
206
321
207
0
232
90
434
345
302
164
53
400
156
452
189
182
390
417
469
243
330
57
463
92
318
95
267
76
295
454
248
247
21
201
247
253
291
427
344
340
90
397
239
494
94
174
175
484
90
143
227
167
200
436
259
265
277
272
87
71
472
335
65
493
282
312
492
319
239
335
158
329
478
397
68
71
71
243
55
408
132
28
321
333
210
79
344
487
97
431
305
69
11
370
61
293
181
300
111
166
134
270
242
359
413
310
430
230
53
231
138
185
259
205
264
215
285
354
449
128
284
253
197
295
369
5
334
296
305
446
463
185
462
204
43
374
13
474
351
313
204
235
245
210
440
8
171
224
109
119
99
393
372
296
435
487
301
268
283
352
460
245
37
421
195
80
41
208
300
392
268
4
126
12
461
65
267
131
36
376
251
135
15
369
177
450
356
479
464
385
76
424
129
113
90
324
441
378
278
240
269
292
244
141
304
451
207
318
329
490
440
326
124
455
194
301
150
296
25
114
180
102
284
309
462
374
379
402
252
404
142
267
195
132
409
246
330
362
310
158
351
249
484
475
451
424
21
100
220
294
461
400
142
244
456
103
365
80
252
363
484
140
129
426
272
284
418
101
145
227
5
496
222
489
216
172
413
485
19
379
278
480
278
166
471
480
15
335
60
267
444
290
407
72
462
426
103
379
273
248
352
279
491
74
13
453
493
426
437
258
304
461
485
329
126
455
308
142
35
114
155
479
405
309
297
366
234
400
492
6
395
343
285
385
163
299
337
403
471
20
160
21
481
391
350
354
345
404
242
126
18
397
351
169
205
395
34
185
40
25
192
435
115
223
65
24
21
149
427
239
169
334
260
396
224
356
249
316
259
237
442
23
134
293
192
85
434
474
271
474
245
209
409
106
432
220
131
200
369
57
439
284
391
198
180
115
300
175
177
305
413
118
329
293
157
267
124
90
487
141
311
232
350
219
338
282
185
469
482
54
273
166
84
163
110
10
24
410
433
201
214
345
66
289
384
470
56
7
307
42
396
117
20
245
82
105
273
267
73
0
67
92
166
152
256
276
162
26
432
341
475
146
185
40
435
315
256
237
69
62
26
465
179
46
456
7
398
229
275
472
476
342
310
142
240
65
164
149
339
96
490
313
489
422
99
423
236
355
160
51
164
433
15
89
479
218
97
123
447
372
94
422
460
404
310
447
216
221
95
301
317
331
113
305
252
459
474
235
313
380
286
223
312
48
313
37
266
156
160
459
274
0
126
480
150
183
426
112
404
20
413
467
98
25
17
350
230
491
331
290
117
364
12
429
412
71
212
424
227
118
128
0
365
254
481
15
437
152
374
340
420
287
52
17
58
69
367
289
60
198
78
424
61
90
98
219
409
311
389
135
175
16
383
40
16
109
55
454
261
175
39
180
462
92
197
267
408
311
55
214
255
380
137
62
216
236
281
124
293
416
6
468
432
389
7
448
244
309
147
4
485
434
432
192
272
375
459
179
185
13
394
440
139
30
248
356
12
28
480
305
190
486
19
368
120
26
316
364
82
209
115
313
142
293
4
414
167
464
340
353
223
233
38
109
263
287
465
276
61
190
327
252
176
346
119
42
119
181
153
448
137
14
260
25
307
10
440
474
220
279
72
444
258
111
299
267
398
263
289
459
453
116
457
375
462
323
418
327
3
317
274
387
331
33
413
384
44
98
357
264
123
430
454
381
287
252
147
184
261
437
389
214
299
92
88
6
415
252
334
164
68
107
51
145
388
464
28
178
61
132
442
431
61
142
311
94
140
204
278
402
140
413
362
439
4
196
446
165
449
25
330
263
132
127
409
266
337
183
444
144
315
132
74
122
274
385
216
160
88
240
308
476
153
169
160
404
366
352
316
60
377
392
69
256
18
478
21
101
408
466
245
222
97
319
91
117
450
307
277
284
294
332
5
193
0
166
96
112
264
158
419
141
49
489
397
67
212
418
415
119
129
159
88
226
224
426
343
420
232
367
451
272
198
456
465
445
368
308
304
379
466
222
19
15
210
162
329
169
326
244
288
456
149
122
428
374
47
17
39
26
384
490
298
81
192
263
25
306
70
329
184
35
298
450
297
254
358
126
423
431
370
458
132
265
79
59
138
127
76
425
400
460
414
197
287
352
206
59
405
22
134
335
305
432
285
101
186
389
474
108
319
343
65
451
355
392
10
493
265
333
417
164
39
77
107
326
175
314
385
79
82
266
415
387
197
446
235
383
334
208
238
153
298
49
350
152
441
106
391
205
440
308
115
225
131
223
50
306
283
182
386
365
448
46
499
391
492
233
274
325
441
258
224
238
53
321
136
495
427
27
446
112
335
61
337
212
284
134
17
66
316
149
177
9
195
175
400
186
408
420
258
95
424
228
333
478
295
470
472
222
497
163
80
77
224
164
289
254
298
52
66
360
202
244
115
143
165
14
76
73
181
80
415
104
54
494
81
350
209
299
318
452
209
398
28
433
308
63
434
105
363
500
211
311
490
326
200
155
87
276
475
268
356
389
118
411
382
447
260
338
492
324
289
200
221
64
133
29
374
313
381
236
312
92
293
48
164
494
203
498
269
424
11
372
58
130
28
186
323
288
23
314
358
313
14
78
377
394
354
250
206
482
233
264
320
25
312
484
18
261
482
34
184
239
406
242
369
434
175
438
468
198
252
325
10
266
149
133
406
3
130
111
485
363
121
50
388
434
33
153
194
261
187
125
0
339
113
115
272
288
300
486
487
51
310
243
63
459
123
469
208
253
326
439
115
447
489
249
126
269
148
321
276
81
192
22
420
305
138
191
93
184
176
326
235
232
315
298
438
438
12
145
190
84
331
51
30
319
47
157
334
195
224
110
277
416
132
196
467
16
134
306
200
56
131
181
35
193
225
473
130
237
364
321
67
194
118
345
260
165
1
93
107
472
450
130
133
82
72
346
345
206
152
292
9
29
473
44
222
198
16
353
181
380
420
249
321
37
93
80
450
341
420
56
58
370
186
191
198
258
36
42
211
188
334
220
465
307
10
186
251
273
38
432
399
204
180
219
242
273
45
191
360
466
247
418
335
179
108
32
437
392
321
147
326
155
113
290
208
123
223
459
142
261
390
41
466
317
260
454
336
306
144
196
17
137
113
352
316
469
130
499
106
451
146
432
105
5
469
59
129
191
17
271
198
154
58
410
471
65
363
306
371
253
248
388
136
108
486
198
76
115
197
429
65
343
106
418
348
74
223
223
11
241
241
457
395
299
366
111
110
476
163
227
475
412
114
111
19
346
55
342
207
252
270
273
341
376
437
436
197
159
158
455
146
145
157
287
191
270
398
301
245
61
28
466
219
389
323
238
482
379
79
188
130
95
207
472
217
143
153
160
49
57
115
195
203
272
483
140
41
126
187
32
434
462
245
152
351
67
390
78
192
215
266
69
56
474
287
274
363
440
434
412
497
295
354
446
314
82
85
101
208
19
381
142
481
125
40
77
439
177
155
131
392
422
447
195
141
233
469
3
172
148
416
415
190
15
361
3
97
192
104
305
211
231
193
192
356
234
269
295
411
425
172
48
92
118
243
233
351
458
236
269
353
398
183
42
413
290
292
9
483
142
61
193
374
0
131
229
234
401
270
391
71
442
186
163
59
175
142
156
133
124
425
232
22
355
274
181
144
312
438
126
454
245
66
73
245
197
49
226
344
319
363
161
7
48
70
66
224
212
470
103
337
394
335
105
495
355
32
139
413
470
11
112
214
77
186
206
21
235
178
111
300
40
273
307
89
89
120
59
302
89
409
385
229
490
236
224
90
268
109
2
238
120
361
198
445
46
150
212
27
328
323
328
369
342
381
204
432
0
9
480
336
418
364
65
153
346
35
243
113
144
492
97
10
352
296
201
145
446
413
172
274
483
246
389
324
127
92
1
374
101
481
210
265
90
21
418
436
56
407
49
447
144
146
457
496
188
405
387
381
317
306
401
299
51
289
370
425
127
117
45
475
98
255
486
435
22
149
117
78
55
166
271
199
58
227
441
494
378
328
120
195
380
20
240
431
55
356
102
182
474
394
156
318
395
141
499
417
290
115
495
91
27
11
36
86
485
223
326
363
297
446
57
176
466
43
107
20
146
456
449
119
349
351
183
490
492
181
406
27
297
146
118
324
157
401
156
141
123
228
3
421
173
307
96
385
351
450
151
497
151
99
362
246
450
291
235
187
472
140
461
268
286
325
339
189
225
495
331
349
223
80
15
142
388
111
27
485
61
425
227
459
271
335
205
467
125
440
154
96
327
114
111
359
440
450
48
411
190
379
259
159
205
20
302
92
132
75
76
440
500
49
398
16
384
349
484
8
289
384
105
115
498
463
474
183
412
268
341
101
393
346
261
98
367
309
190
499
384
13
184
129
62
328
146
193
177
129
201
212
12
52
327
256
14
46
186
172
61
26
20
454
118
27
51
485
336
242
229
466
1
413
94
310
241
487
2
418
115
204
129
374
256
202
377
17
495
309
189
55
81
209
9
199
236
307
184
318
48
413
283
296
72
124
106
313
110
108
477
473
312
352
346
315
300
469
332
294
277
267
96
358
223
352
57
459
158
488
23
454
146
306
249
218
430
355
277
40
464
500
12
21
351
104
336
150
73
414
191
96
181
287
455
150
385
258
108
42
492
378
496
137
184
245
102
360
346
379
146
309
125
405
331
476
256
413
373
75
327
310
171
254
343
372
404
227
129
258
269
120
136
11
4
66
2
106
172
348
231
65
157
356
470
234
78
472
146
451
46
219
6
218
219
349
89
369
75
466
374
90
85
256
101
336
68
350
442
240
198
173
51
101
275
268
335
353
239
227
49
286
193
55
250
412
404
85
27
225
50
401
316
383
156
163
218
224
13
407
210
458
79
262
58
100
276
393
454
14
366
2
46
58
305
296
217
208
382
244
434
178
144
496
60
46
405
25
16
164
432
226
121
10
234
179
110
9
318
310
271
431
59
317
489
364
360
205
71
488
195
251
165
85
493
226
131
398
251
394
308
182
367
430
439
100
355
295
357
420
352
127
350
411
190
84
274
49
36
91
36
231
89
202
317
328
174
194
472
171
88
280
99
455
456
284
301
56
78
404
222
176
30
318
86
468
403
106
16
439
445
300
416
280
1
479
107
422
420
79
92
7
105
438
208
60
221
255
116
45
159
85
222
436
403
54
403
305
161
166
490
352
466
406
131
213
130
238
134
49
63
473
56
168
410
10
228
130
12
91
422
171
176
143
353
325
198
2
130
105
415
366
457
380
17
334
339
148
71
473
197
382
191
0
49
347
257
24
477
269
362
398
186
284
288
39
108
232
288
485
337
202
351
39
328
368
373
166
15
190
385
213
71
322
460
368
168
216
392
391
486
500
34
171
283
322
457
391
53
491
376
136
192
473
175
266
340
294
178
102
231
62
61
48
384
20
416
51
236
53
188
221
52
223
139
81
44
95
473
345
86
94
227
24
66
149
37
152
443
215
254
420
278
315
469
408
335
384
206
71
184
394
292
483
363
431
64
154
273
283
499
105
377
472
376
443
120
413
94
63
128
95
483
152
410
197
59
245
328
11
62
11
152
354
240
14
31
304
168
50
86
413
155
209
385
277
398
4
190
493
314
318
87
43
216
243
240
21
488
67
33
49
325
185
150
65
446
428
115
114
224
449
26
379
157
411
402
55
162
91
294
476
155
127
18
371
116
5
393
104
319
172
400
144
103
296
456
48
470
317
162
193
265
436
318
169
346
220
471
7
311
10
230
213
384
495
330
500
500
222
350
319
140
497
209
243
292
411
292
262
227
454
201
239
135
19
154
482
486
371
235
42
381
211
255
264
206
85
263
205
53
360
270
194
356
225
183
147
135
475
155
109
175
103
94
310
122
495
37
107
365
19
149
245
230
151
255
436
236
264
388
35
123
404
476
479
129
159
373
10
380
274
366
54
377
460
111
245
454
395
98
318
414
495
309
144
145
310
326
127
74
213
162
444
364
385
423
493
43
41
249
169
315
115
471
439
321
81
183
21
222
282
85
136
276
395
26
167
204
352
294
24
65
202
469
429
86
137
167
376
178
416
45
239
277
262
177
98
89
107
366
311
389
451
447
411
345
473
77
296
325
371
66
136
319
281
311
406
418
224
27
342
386
319
328
163
80
251
7
169
358
373
227
493
69
173
403
415
393
226
457
464
343
269
99
162
50
156
314
214
380
87
56
265
407
384
174
233
381
428
149
239
46
376
231
116
48
381
30
187
353
233
150
196
1
496
104
298
151
418
12
277
4
315
289
157
445
463
391
325
391
39
63
437
415
41
52
209
168
329
397
20
308
46
216
56
289
320
354
186
484
112
464
235
427
252
392
371
214
282
196
351
321
5
34
482
46
333
191
214
162
334
235
216
380
197
18
415
264
373
101
494
231
64
228
158
316
120
28
276
148
224
374
216
230
408
197
22
240
134
237
148
468
218
111
94
161
129
8
425
248
109
165
480
420
393
137
482
259
165
4
408
136
378
370
112
285
66
381
271
448
117
420
415
81
30
255
490
159
264
160
408
119
325
133
286
218
270
267
223
181
271
130
317
395
500
175
179
313
56
451
260
420
116
421
248
393
176
237
298
186
397
452
51
469
84
337
186
354
351
155
35
368
286
98
263
31
20
188
90
76
385
96
242
0
17
490
139
440
226
438
372
370
389
169
338
474
6
270
73
103
425
355
217
457
454
480
235
474
168
325
296
52
422
37
300
439
27
439
124
500
376
496
115
11
164
199
485
417
215
304
266
140
159
484
343
112
209
77
332
377
403
127
176
324
411
476
8
184
160
379
431
283
120
45
294
30
245
24
194
460
328
206
346
487
189
436
345
145
12
423
21
161
296
444
231
207
165
486
391
326
364
321
108
230
113
148
261
104
172
455
63
500
160
156
233
96
91
324
241
350
247
8
11
42
199
242
496
364
475
133
436
338
454
290
68
313
438
75
417
356
276
227
102
182
383
81
278
220
405
265
69
151
274
327
441
219
316
436
82
290
315
265
374
269
54
188
328
239
263
245
94
38
472
443
468
100
23
245
66
429
257
382
326
277
209
12
496
271
195
77
60
9
88
180
278
143
369
353
128
378
97
469
417
315
412
384
415
435
375
481
109
131
108
182
154
317
194
149
87
389
474
394
399
61
74
423
451
443
275
78
320
372
294
483
433
205
112
347
386
234
73
242
111
182
424
266
245
117
415
79
6
388
473
405
196
293
327
146
482
349
225
302
220
18
30
153
470
390
246
101
370
66
343
481
495
266
493
239
130
408
64
136
41
37
287
237
330
360
130
312
208
355
360
175
119
136
328
335
272
320
436
141
132
25
122
126
37
114
112
167
268
176
49
56
460
336
39
36
443
169
94
150
270
200
325
389
82
399
470
355
219
152
496
97
177
364
224
461
225
82
375
493
4
424
295
211
6
335
494
449
3
87
98
274
33
424
409
115
322
379
216
287
30
459
385
454
322
355
160
46
183
34
286
434
459
80
144
465
161
384
159
165
217
257
439
250
427
347
112
496
472
328
282
248
286
413
201
355
13
108
147
443
142
179
377
100
260
267
311
421
151
470
332
368
474
270
365
400
364
477
395
335
50
424
83
83
82
30
184
96
138
331
38
281
10
415
127
16
429
185
183
79
154
262
193
127
31
57
274
141
280
415
223
77
338
306
160
421
82
90
263
468
167
301
495
177
463
368
440
137
52
370
216
207
131
409
80
409
467
354
50
493
269
273
69
353
325
476
19
153
65
282
367
233
330
361
156
38
229
343
175
27
212
391
234
89
45
61
498
258
161
294
251
176
313
320
276
384
42
295
284
107
77
150
86
153
258
243
191
233
332
366
260
290
2
241
379
294
302
122
52
209
163
303
386
476
369
161
106
411
456
390
265
279
39
97
432
297
340
369
276
418
234
36
207
483
277
85
277
325
208
329
33
117
378
165
92
493
326
198
150
28
87
161
53
374
258
232
417
345
100
193
262
81
229
470
63
252
301
86
76
255
161
109
372
285
21
465
24
347
409
174
121
243
81
175
363
339
407
279
183
253
472
192
334
447
161
144
198
462
230
20
217
138
377
88
423
398
299
447
491
208
367
112
197
448
33
59
287
186
338
216
439
56
408
273
249
315
417
194
277
393
214
240
30
337
74
200
234
374
146
225
328
13
83
24
207
116
330
494
302
414
457
240
216
110
12
466
426
175
406
449
315
119
188
91
457
8
291
437
382
184
161
456
197
244
226
150
106
55
391
408
216
347
395
432
457
153
397
128
329
48
76
390
168
10
481
371
266
272
53
147
456
215
350
399
205
75
48
58
131
439
466
347
31
106
24
235
260
168
109
335
216
433
224
130
443
204
0
208
222
54
102
424
15
452
68
467
273
364
271
404
48
237
497
80
89
268
61
349
436
170
183
151
102
407
282
292
358
28
246
326
329
94
497
90
292
64
57
65
428
328
215
223
311
459
303
147
226
110
496
161
26
179
58
129
332
340
167
436
115
413
8
444
254
4
281
45
315
84
110
243
158
72
212
216
30
14
363
256
371
358
163
397
283
221
272
115
308
439
297
169
98
305
359
352
55
139
143
371
223
0
360
382
72
71
97
349
332
460
104
449
63
13
345
347
234
117
208
288
302
4
457
400
56
62
498
358
201
388
228
425
388
334
52
206
151
396
54
483
101
405
431
164
418
22
10
398
386
218
433
187
470
135
334
272
197
77
129
399
465
104
69
98
438
368
50
89
263
104
318
364
8
496
27
172
264
285
70
149
249
2
82
218
137
416
490
335
240
366
480
451
470
295
49
153
162
99
489
425
451
307
34
459
48
308
378
312
92
448
461
342
196
42
306
79
205
296
160
445
408
139
395
377
180
190
29
342
290
18
12
487
71
46
445
119
355
322
177
193
15
137
34
458
426
87
37
377
129
444
321
36
330
463
413
9
152
188
352
188
453
364
174
270
157
366
135
258
434
312
197
196
195
479
153
368
65
437
244
194
381
312
230
210
274
389
219
426
323
317
361
276
428
281
292
84
146
428
88
80
486
285
276
428
263
175
295
328
112
285
21
493
96
498
202
370
386
167
42
209
485
403
231
412
183
22
242
76
196
330
403
429
361
425
356
124
99
397
198
211
181
467
450
278
464
398
394
350
65
436
58
49
84
35
207
14
57
449
90
0
24
493
429
385
417
30
8
262
427
454
220
354
420
169
378
383
314
272
479
379
207
283
174
38
318
381
52
122
329
142
369
353
381
297
484
43
73
239
51
246
192
271
99
111
187
478
240
0
249
219
125
202
248
299
240
66
426
38
435
0
180
303
99
307
99
82
96
419
321
148
164
12
419
263
370
352
487
357
98
482
75
223
184
323
268
170
135
440
209
69
440
135
372
285
189
217
368
285
135
435
433
299
194
98
309
310
196
295
166
295
23
241
264
207
311
279
123
192
218
332
262
405
214
380
189
403
97
303
434
479
485
367
24
178
211
333
488
153
374
154
194
397
141
459
350
198
484
474
391
201
51
399
352
11
278
288
414
121
90
94
100
74
207
124
499
418
203
487
317
323
387
11
467
27
470
316
226
453
35
363
400
334
261
499
345
38
286
5
160
122
99
260
444
306
130
442
470
333
428
286
402
314
297
368
88
12
431
60
211
466
423
358
45
183
356
391
221
388
142
381
256
241
387
199
293
263
141
8
95
315
294
244
376
338
111
210
96
41
270
54
254
192
412
299
375
13
436
95
147
77
223
403
64
356
102
357
119
490
365
461
50
406
204
426
490
316
135
332
103
405
386
357
343
297
156
217
56
91
59
203
416
28
353
480
384
455
83
249
190
194
210
240
346
160
166
335
222
47
167
326
199
52
429
41
96
84
5
399
423
64
349
84
92
201
63
222
155
146
218
345
341
174
84
186
334
497
268
303
291
181
128
490
480
56
277
75
388
282
475
56
92
69
140
431
270
450
400
425
96
117
15
183
291
346
115
371
89
129
173
380
310
47
115
290
351
138
111
238
167
332
40
259
401
427
190
170
376
89
341
218
206
102
401
243
195
263
113
284
392
287
410
449
80
271
238
431
409
95
415
75
428
455
81
74
127
271
245
3
106
332
221
312
435
369
301
129
378
414
159
269
447
315
464
27
85
201
204
240
43
119
316
471
73
397
291
201
414
35
451
19
368
418
77
48
286
378
424
163
37
82
179
231
397
142
4
482
90
208
468
133
327
283
350
147
426
140
94
85
423
291
104
36
208
428
84
495
51
7
404
336
89
82
66
232
472
317
460
61
24
427
441
98
457
36
492
128
176
332
214
345
122
64
381
330
493
465
70
290
218
475
125
53
303
438
285
20
254
491
328
25
418
268
370
374
304
361
248
227
192
462
71
60
26
199
390
265
163
461
301
128
181
427
181
230
364
213
251
118
203
78
390
120
93
259
240
143
366
235
116
57
196
435
117
469
133
253
480
42
460
281
170
140
207
98
117
317
311
114
181
13
192
70
381
31
75
367
175
441
101
37
244
44
472
107
12
104
361
239
147
320
19
63
207
473
161
70
35
472
184
217
232
376
33
112
154
109
225
75
296
327
112
40
371
84
147
129
435
7
368
328
74
133
138
27
352
299
97
388
17
281
351
249
403
384
107
303
239
332
378
35
405
237
75
275
67
222
151
1
477
265
76
297
399
214
70
497
12
414
130
276
194
481
24
343
365
378
146
350
210
270
385
114
6
460
136
73
429
287
75
151
51
398
194
196
111
264
440
370
177
69
146
117
50
170
206
161
48
352
10
4
369
396
118
375
101
254
449
276
287
270
173
85
167
113
27
278
377
467
147
300
36
293
163
86
210
370
494
4
468
3
8
336
145
373
458
247
374
406
269
407
422
443
492
88
55
19
112
179
486
5
225
268
299
135
100
255
251
93
5
465
97
13
301
242
132
258
235
5
410
251
413
331
193
150
165
495
169
277
420
402
282
392
169
327
26
270
81
23
363
333
488
206
346
34
195
225
38
430
230
448
180
389
24
119
39
189
361
455
466
26
102
495
418
272
321
190
288
149
460
397
482
448
350
74
482
44
299
20
220
275
214
401
411
239
266
450
428
126
150
140
400
253
134
317
271
455
254
305
103
213
448
332
407
297
406
389
341
451
155
61
225
369
208
135
107
220
331
282
347
228
422
493
481
55
55
498
9
309
48
360
269
496
438
175
39
343
310
380
39
465
187
264
334
141
146
187
362
477
215
455
204
136
447
431
438
1
174
194
57
222
53
326
218
237
247
3
326
57
383
365
268
317
128
101
204
274
35
65
498
250
19
448
133
212
125
70
461
299
264
17
268
63
89
232
300
82
235
125
139
364
490
408
180
365
255
385
385
36
196
382
33
216
76
166
174
201
236
134
246
247
151
13
310
487
245
357
69
480
482
455
344
218
362
270
82
364
154
467
400
97
95
433
313
171
345
487
118
328
368
110
74
18
124
130
252
369
487
321
95
215
275
185
433
384
455
261
494
356
227
393
453
68
72
11
486
163
244
350
491
111
461
311
377
84
442
375
199
174
195
40
389
216
225
67
346
427
74
339
282
48
479
481
116
297
492
349
460
482
198
197
93
158
7
216
242
195
90
188
116
31
228
251
494
200
319
86
126
393
425
408
187
149
134
304
192
125
152
399
353
350
95
446
255
349
408
243
291
498
431
407
275
406
157
269
105
222
355
478
362
25
131
48
422
265
98
113
136
250
258
489
347
99
181
101
449
88
344
486
333
21
392
354
427
295
369
278
17
223
255
125
496
386
173
417
397
272
276
32
268
34
20
361
133
448
462
328
283
52
313
362
320
451
215
493
246
84
270
263
53
271
134
48
403
307
211
299
325
234
331
340
14
97
200
394
45
409
222
328
461
281
189
280
232
404
272
478
234
288
487
288
58
120
336
461
173
294
259
245
27
336
84
41
433
284
435
478
439
403
305
399
184
240
425
416
144
443
139
378
477
372
412
281
492
248
488
411
41
493
155
315
328
486
356
261
16
290
485
455
440
36
354
123
276
24
285
166
214
424
291
190
41
202
218
32
196
205
189
237
445
91
298
272
76
153
279
92
190
10
47
129
46
147
499
68
171
283
235
131
453
25
68
494
474
286
272
170
237
461
153
181
51
452
200
375
351
479
467
40
489
260
416
281
407
414
350
325
443
84
456
395
356
270
388
329
302
406
245
39
367
399
220
164
350
420
285
447
145
252
234
380
258
149
161
165
310
10
236
252
341
438
394
443
208
27
17
9
434
263
295
300
161
262
210
257
428
496
203
72
494
437
453
498
333
360
162
389
116
144
140
203
82
280
145
290
308
162
45
241
425
341
287
332
102
243
335
29
485
285
349
478
468
47
476
300
153
384
188
269
28
75
472
357
355
116
393
162
24
438
149
196
24
436
27
373
426
109
149
410
394
244
388
361
291
109
408
444
239
342
212
13
417
430
370
18
45
262
427
316
200
76
11
471
258
286
90
183
395
239
93
34
483
227
141
19
82
48
463
321
391
421
81
53
96
451
71
388
213
499
203
159
321
215
376
325
247
466
8
141
204
348
422
433
74
62
452
403
358
160
470
495
327
50
47
423
1
366
56
214
110
260
119
431
221
495
1
468
461
9
355
411
103
276
90
424
84
41
326
442
449
296
182
21
92
230
191
93
342
247
53
452
6
172
128
474
414
129
441
120
386
295
30
489
317
120
413
148
409
485
336
103
26
18
124
119
248
61
459
89
309
12
287
61
431
415
35
90
290
222
210
175
264
241
411
327
107
69
475
15
300
311
365
327
329
236
192
323
297
150
158
352
409
445
160
86
105
442
176
141
163
133
63
173
374
220
0
227
289
475
490
335
31
354
161
106
89
99
429
133
497
333
485
405
23
391
237
128
332
414
16
496
46
79
415
166
299
415
139
334
136
128
168
167
229
76
274
318
175
449
197
171
282
429
323
305
319
59
180
151
219
196
393
265
21
307
177
66
469
317
400
104
191
314
17
420
390
291
485
312
487
181
483
268
109
51
72
175
111
499
326
330
441
218
342
462
271
265
27
239
328
173
343
19
488
361
439
377
398
423
188
130
351
418
398
206
469
217
381
79
462
206
156
403
170
498
364
442
262
392
427
90
64
270
356
298
377
294
175
20
464
109
151
60
26
295
266
496
258
147
321
220
99
477
122
16
220
486
204
229
123
130
65
435
146
421
232
269
461
153
290
424
263
187
230
289
228
497
30
487
390
98
206
489
74
328
4
41
59
455
270
183
85
335
364
231
1
342
0
462
496
36
132
258
470
362
293
197
358
70
183
494
168
135
483
489
209
233
29
269
188
299
198
19
380
61
250
381
403
497
343
144
279
475
148
248
82
442
192
187
258
121
180
426
257
409
414
466
142
444
481
76
489
178
95
369
486
91
249
135
335
91
279
113
312
428
108
395
115
300
81
373
421
7
298
424
417
458
390
305
147
370
381
136
295
222
4
280
313
500
161
147
91
441
7
149
114
115
290
229
415
117
101
81
125
145
5
41
349
395
346
497
10
473
379
51
194
129
78
253
128
239
147
466
179
154
115
39
269
405
268
430
22
115
10
394
6
15
435
356
156
26
98
414
245
223
465
185
352
42
438
480
282
331
446
207
485
307
247
500
211
261
429
480
377
440
373
129
201
53
231
358
326
329
271
70
298
482
255
149
24
440
376
52
270
67
5
255
374
252
0
331
260
430
311
136
115
430
11
62
230
243
420
55
318
437
373
116
419
374
265
189
313
387
241
83
454
246
84
327
245
84
158
4
260
215
387
121
144
398
184
120
387
350
423
205
287
295
321
452
168
332
140
228
219
381
311
419
126
141
246
117
472
150
121
479
365
254
99
255
152
29
376
38
380
298
490
413
339
310
364
6
389
3
481
354
384
291
272
256
178
264
374
150
414
241
128
24
496
474
280
394
3
155
178
383
199
168
295
37
224
158
290
112
161
17
212
291
308
231
46
233
495
166
383
155
408
257
179
149
230
459
42
480
360
467
362
305
134
403
88
359
307
379
217
214
142
430
4
450
160
298
429
401
464
57
55
117
314
235
266
291
193
54
270
300
21
379
104
402
281
193
260
88
318
478
302
460
153
53
155
59
351
84
460
314
141
15
178
202
497
190
493
436
245
262
235
12
387
340
414
168
32
421
2
96
144
50
55
297
103
210
102
200
40
61
261
429
323
439
130
65
128
369
1
119
130
236
131
264
75
292
432
354
212
180
450
356
230
251
399
80
208
0
280
248
308
287
176
131
225
52
196
100
421
197
219
298
180
351
61
1
142
493
102
100
419
298
456
148
49
354
475
257
354
1
251
161
288
174
38
260
226
482
360
147
425
78
191
104
175
252
353
63
491
455
163
409
252
118
303
301
218
24
304
318
25
55
226
59
476
264
319
201
492
178
94
417
257
285
267
432
36
119
496
273
73
405
181
72
270
231
373
488
255
424
306
280
479
31
339
454
41
158
401
33
82
496
196
339
26
209
17
310
329
259
82
148
163
10
220
179
241
340
167
496
263
219
21
488
497
360
187
37
264
87
317
93
329
259
432
356
469
195
165
43
454
494
191
364
3
158
42
244
498
456
239
260
174
6
494
170
113
180
455
123
267
17
216
343
277
148
445
492
89
109
34
290
349
472
153
353
129
442
343
373
398
329
379
318
335
372
235
448
51
436
71
65
199
287
154
222
181
98
213
271
454
494
60
302
466
460
154
94
147
498
214
44
72
92
109
407
465
344
355
262
25
172
73
224
459
227
447
387
325
159
157
278
153
464
80
365
169
481
205
316
224
419
107
296
11
216
450
222
306
304
484
77
476
304
301
180
30
247
66
356
153
470
380
52
433
206
417
101
187
121
164
157
40
271
200
298
487
149
19
38
453
249
115
174
52
416
100
330
410
414
432
309
383
57
361
62
264
23
410
197
391
73
354
177
344
53
475
76
449
240
114
147
236
229
321
34
392
168
364
47
81
41
356
464
99
463
25
363
232
436
59
369
255
159
46
99
460
267
175
408
254
290
55
490
265
122
23
403
36
134
196
117
175
298
328
20
260
99
129
238
281
188
107
36
94
400
135
53
166
56
207
420
346
8
155
358
378
179
6
414
59
203
31
481
0
105
1
7
204
130
245
486
65
98
268
406
498
149
205
411
205
412
76
51
167
232
155
44
157
161
458
216
364
235
443
111
340
190
118
44
67
109
276
379
455
290
284
198
439
489
108
143
146
185
441
313
163
95
103
320
3
61
282
113
296
224
224
383
161
88
173
228
198
449
106
152
485
136
350
423
124
205
312
16
136
253
76
299
94
179
118
97
487
146
458
29
116
181
412
277
16
84
251
214
279
357
112
9
239
208
432
363
413
243
126
48
242
449
347
337
374
211
180
361
103
137
136
220
65
294
243
81
378
495
295
403
97
153
412
337
361
89
446
274
78
71
322
321
266
416
157
140
373
337
247
477
475
383
196
286
176
439
367
300
179
408
449
277
60
106
113
421
195
58
441
273
377
9
340
142
425
497
282
43
80
28
19
301
411
462
86
333
147
453
132
326
106
80
349
166
186
462
333
127
267
20
147
143
29
487
285
200
484
314
243
310
342
9
110
500
217
196
78
364
395
211
437
0
37
285
413
471
494
492
97
260
11
491
149
40
478
434
240
207
494
230
16
82
486
126
328
202
68
406
313
209
363
249
456
147
280
368
117
19
359
461
25
371
452
174
157
429
355
144
382
348
120
398
176
105
270
3
307
338
410
119
46
18
114
248
165
141
115
28
160
220
236
433
337
187
106
241
362
461
385
243
55
4
140
231
109
156
482
162
494
137
282
286
155
142
33
67
283
395
95
190
361
331
122
198
264
228
439
125
436
69
114
491
73
0
468
429
156
449
90
396
85
372
181
488
261
461
54
43
101
396
233
463
227
355
160
237
330
345
109
265
414
223
1
233
471
215
161
126
164
498
22
496
116
450
483
377
157
283
420
258
179
400
467
152
254
126
389
330
217
244
94
377
468
342
109
184
57
16
310
468
14
78
209
130
28
439
6
432
221
172
436
146
71
403
44
72
275
180
402
493
424
243
369
137
84
225
321
388
488
131
355
1
456
311
378
230
249
130
161
216
49
97
363
120
500
407
192
274
86
341
12
257
83
128
394
414
353
215
302
340
92
403
88
47
213
212
24
462
343
185
425
392
28
287
258
27
440
197
48
273
37
60
29
367
188
169
280
287
384
81
127
222
231
462
16
444
173
40
152
262
472
76
153
0
109
158
274
48
355
322
321
392
129
96
4
317
266
284
104
396
112
478
118
343
185
381
286
358
421
184
120
392
260
19
138
369
177
413
164
31
234
231
169
363
328
173
427
93
204
277
489
316
0
353
158
185
233
190
42
153
375
409
292
381
429
430
497
352
342
160
130
323
391
299
432
465
219
358
57
423
134
293
485
381
145
142
65
379
78
355
278
199
263
69
80
438
246
323
290
87
483
166
156
119
211
88
84
430
192
388
98
73
180
82
454
326
471
19
204
296
374
482
495
383
298
74
321
43
397
357
377
125
22
33
492
233
368
75
410
59
463
254
132
143
83
86
469
300
105
419
95
225
146
90
107
444
164
174
487
308
30
110
179
299
143
170
279
257
245
188
316
455
188
449
344
271
281
58
71
132
477
166
357
122
256
210
313
167
385
45
221
415
155
400
461
44
70
239
301
61
173
117
15
361
312
359
132
339
163
203
471
139
369
73
8
372
283
321
285
167
366
5
329
21
405
289
312
221
27
113
29
200
477
291
60
34
397
439
373
59
141
89
199
257
409
207
375
191
274
159
105
139
164
434
407
315
469
219
283
242
78
312
188
301
102
495
335
499
434
454
305
321
289
3
77
197
457
198
388
477
357
239
115
267
419
269
329
387
234
111
375
312
169
62
112
17
57
193
16
237
146
321
57
181
70
382
378
273
79
11
249
183
251
110
450
169
379
278
303
359
135
177
417
304
487
28
322
290
468
84
26
360
151
330
40
221
458
418
240
284
430
489
467
427
98
162
342
224
441
144
82
322
68
500
126
54
274
194
90
489
278
363
348
429
192
389
396
150
52
135
180
482
370
146
154
468
308
497
191
495
140
20
317
455
266
189
255
39
383
345
27
407
454
122
335
146
10
477
42
62
358
222
291
227
114
445
441
422
187
379
163
328
399
226
28
164
415
284
450
43
375
224
450
329
346
30
221
102
6
9
164
110
231
201
337
345
393
277
12
79
155
422
153
300
147
182
210
308
212
160
351
333
130
300
408
476
330
128
77
82
137
488
192
114
436
275
205
328
52
465
407
454
386
60
0
33
489
210
87
200
116
439
279
493
485
187
468
315
315
291
143
199
25
336
313
461
110
18
288
409
483
441
109
114
247
109
394
235
65
482
181
429
420
461
421
404
147
135
465
462
426
355
160
197
437
220
157
293
485
191
202
467
132
57
327
379
413
221
361
478
202
41
152
368
1
73
17
148
208
229
357
380
83
263
77
19
483
481
312
467
419
260
179
297
317
253
422
476
474
282
454
422
324
352
289
71
425
52
220
379
281
323
259
364
85
82
129
315
62
442
27
227
448
454
23
265
206
446
240
179
227
440
347
50
292
382
369
463
434
335
342
462
157
347
325
489
429
201
49
237
142
77
465
89
30
488
100
483
433
87
408
407
273
254
203
311
135
71
274
68
406
362
29
62
208
101
298
383
302
347
119
190
170
330
25
200
318
373
429
497
206
336
403
479
89
106
290
224
424
310
39
330
171
315
138
125
162
436
7
210
29
373
146
199
203
419
146
267
291
74
9
497
411
413
221
500
265
10
471
435
66
256
264
484
317
149
108
480
84
362
189
113
235
82
59
438
0
205
451
291
279
460
33
189
118
254
436
383
11
152
64
77
408
328
308
224
477
162
203
308
24
139
167
259
221
226
443
221
431
139
258
210
98
291
145
217
291
80
346
302
232
410
126
386
485
180
110
207
342
59
14
366
445
182
371
412
154
59
379
85
198
136
41
43
173
186
260
465
13
352
12
245
262
385
378
493
64
488
199
153
293
214
18
238
142
136
149
296
442
28
127
140
411
168
430
84
355
189
295
114
287
53
105
48
185
483
40
496
470
487
148
9
200
414
247
88
49
396
384
237
170
11
377
81
179
52
412
280
241
453
394
28
5
246
323
437
228
110
433
445
96
80
454
42
494
200
130
289
342
260
26
12
271
149
340
197
202
251
223
189
450
364
464
201
109
33
138
337
143
70
27
486
397
481
274
137
180
404
426
269
163
198
27
181
348
367
124
296
364
347
231
313
210
195
260
65
228
398
149
117
214
176
349
111
157
122
248
83
272
420
352
181
118
379
108
212
492
232
254
355
79
485
414
35
179
174
101
153
318
497
270
32
172
365
143
329
233
137
413
4
56
10
433
421
390
40
379
127
273
132
229
98
117
142
380
296
62
227
196
127
223
212
159
396
77
48
471
310
432
383
61
234
140
494
155
29
280
33
156
299
166
385
397
29
274
23
71
82
250
267
209
474
480
114
115
56
409
85
112
340
215
173
321
355
413
476
130
193
255
32
492
167
418
135
443
438
158
14
266
408
281
222
127
6
82
242
309
492
74
422
77
289
341
398
390
254
119
19
193
121
51
184
34
215
65
478
399
223
492
165
378
18
133
251
25
215
240
334
453
60
255
30
349
96
174
485
96
40
3
289
408
301
219
442
263
285
419
161
254
156
72
378
175
205
376
200
167
115
33
119
175
35
396
270
378
70
0
474
357
250
262
264
50
227
205
59
258
371
468
12
26
39
136
201
492
11
401
158
373
181
277
294
216
420
310
340
490
310
313
92
59
321
356
357
47
307
416
52
177
383
64
204
169
447
151
407
205
299
64
324
480
87
118
442
6
174
281
242
485
340
334
290
160
436
146
454
243
309
5
420
438
316
370
353
9
21
259
214
320
323
37
45
157
402
233
410
76
260
399
307
99
232
96
5
415
490
205
157
44
458
323
482
19
440
335
28
207
340
489
273
410
273
318
66
174
297
222
497
56
120
303
402
99
146
153
13
135
104
417
179
61
486
407
328
425
488
356
131
328
91
404
237
364
468
303
284
264
271
27
66
392
76
214
491
222
113
250
357
218
166
282
25
151
189
353
323
176
456
454
3
293
358
240
403
325
289
433
336
60
460
148
198
36
363
188
258
476
184
362
440
96
143
466
247
78
64
316
255
19
270
4
58
374
492
461
445
280
394
26
86
353
175
284
135
37
218
140
259
402
248
199
244
137
411
238
216
475
53
217
241
323
221
299
443
212
260
388
239
400
414
325
499
88
356
134
372
73
20
378
222
268
76
466
405
233
203
367
207
3
83
194
326
305
240
269
263
500
403
1
145
62
73
143
151
429
23
269
248
43
146
216
57
469
182
209
201
131
75
155
134
406
349
207
210
88
222
219
334
124
221
479
433
294
369
83
469
392
99
216
436
492
433
239
461
361
448
161
238
23
62
373
429
412
326
385
246
47
350
80
418
70
305
350
110
173
180
325
312
279
41
494
16
220
232
477
80
180
385
318
450
447
437
124
104
262
255
351
55
104
177
473
422
228
69
278
148
249
103
460
274
144
453
290
110
184
13
190
364
398
254
59
90
191
183
195
199
184
45
255
289
469
474
457
196
42
234
344
291
337
303
311
227
1
101
337
186
114
273
296
258
27
356
348
465
285
42
163
216
334
164
4
48
138
461
492
180
441
335
218
278
385
28
251
386
376
88
318
490
107
114
494
134
216
342
345
247
130
8
463
211
419
213
259
56
420
250
237
361
332
455
385
463
483
135
348
359
470
413
94
77
26
335
211
489
176
303
235
52
311
445
263
476
404
269
32
324
265
269
431
343
470
315
305
198
450
400
303
420
312
398
497
84
232
454
72
154
256
53
453
313
244
463
289
148
231
321
472
242
336
402
85
51
216
136
249
412
35
52
77
347
196
73
177
174
274
249
328
29
49
26
89
293
489
124
441
219
445
158
208
26
306
39
77
268
175
72
180
211
371
257
304
66
77
482
240
351
477
314
126
25
341
462
319
329
85
5
295
276
411
2
302
216
41
125
485
216
445
164
173
315
167
478
382
244
205
368
341
181
182
214
207
269
175
272
344
261
277
138
36
187
387
85
404
174
457
134
137
401
298
56
216
211
33
97
202
238
211
289
420
139
2
373
408
425
144
252
185
167
136
468
101
270
299
251
190
256
385
327
403
429
384
118
139
163
462
341
148
173
377
314
312
379
186
467
303
330
465
234
243
347
202
344
116
247
94
307
2
479
380
406
407
9
270
293
420
232
380
67
151
256
381
209
135
313
175
184
389
386
419
131
233
367
476
95
113
316
148
363
295
28
14
448
37
284
487
457
262
367
270
159
122
397
369
3
209
290
435
97
423
353
229
155
466
451
250
325
266
399
187
307
173
448
255
